0 m_usage 0.00  2115348480.00
0 m_usage 0.20  2216079360.00
0 m_usage 0.50  2165713920.00
0 m_usage 0.49  2165713920.00
0 m_usage 0.48  2316810240.00
0 m_usage 0.50  2165713920.00
0 m_usage 0.52  2165713920.00
0 m_usage 0.47  2216079360.00
0 m_usage 0.49  2165713920.00
0 m_usage 0.49  2216079360.00
0 m_usage 0.49  1762790400.00
0 m_usage 0.47  2014617600.00
0 m_usage 0.50  1913886720.00
0 m_usage 0.50  1813155840.00
0 m_usage 0.47  1813155840.00
0 m_usage 0.53  1863521280.00
0 m_usage 0.45  2115348480.00
0 m_usage 0.51  1913886720.00
0 m_usage 0.52  1913886720.00
0 m_usage 0.49  1913886720.00
0 m_usage 0.49  1863521280.00
0 m_usage 0.48  1913886720.00
0 m_usage 0.50  1762790400.00
0 m_usage 0.47  2014617600.00
0 m_usage 0.49  1813155840.00
0 m_usage 0.50  1964252160.00
0 m_usage 0.48  1813155840.00
0 m_usage 0.49  1863521280.00
0 m_usage 0.48  1863521280.00
0 m_usage 0.49  1913886720.00
0 m_usage 0.49  1863521280.00
0 m_usage 0.47  1913886720.00
0 m_usage 0.51  2014617600.00
0 m_usage 0.49  2014617600.00
0 m_usage 0.48  1964252160.00
0 m_usage 0.50  2014617600.00
0 m_usage 0.51  1964252160.00
0 m_usage 0.47  1863521280.00
0 m_usage 0.49  1863521280.00
0 m_usage 0.53  1964252160.00
0 m_usage 0.47  2316810240.00
0 m_usage 0.49  2367175680.00
0 m_usage 0.48  2568637440.00
0 m_usage 0.49  2417541120.00
0 m_usage 0.48  2367175680.00
0 m_usage 0.52  2367175680.00
0 m_usage 0.50  2417541120.00
0 m_usage 0.50  2417541120.00
0 m_usage 0.48  2467906560.00
0 m_usage 0.52  2417541120.00
0 m_usage 0.48  1913886720.00
0 m_usage 0.52  1863521280.00
0 m_usage 0.47  1964252160.00
0 m_usage 0.50  1762790400.00
0 m_usage 0.48  1863521280.00
0 m_usage 0.50  1913886720.00
0 m_usage 0.47  1964252160.00
0 m_usage 0.52  1863521280.00
0 m_usage 0.49  1762790400.00
0 m_usage 0.44  1813155840.00
0 m_usage 0.50  1762790400.00
0 m_usage 0.50  1813155840.00
0 m_usage 0.50  1662059520.00
0 m_usage 0.50  1762790400.00
0 m_usage 0.49  1762790400.00
0 m_usage 0.49  1662059520.00
0 m_usage 0.51  1813155840.00
0 m_usage 0.46  1712424960.00
0 m_usage 0.50  1762790400.00
0 m_usage 0.48  1813155840.00
0 m_usage 0.48  2165713920.00
0 m_usage 0.52  2216079360.00
0 m_usage 0.47  2115348480.00
0 m_usage 0.51  2165713920.00
0 m_usage 0.50  2316810240.00
0 m_usage 0.48  2165713920.00
0 m_usage 0.49  2165713920.00
0 m_usage 0.49  2165713920.00
0 m_usage 0.50  2216079360.00
0 m_usage 0.51  2165713920.00
0 m_usage 0.50  2367175680.00
0 m_usage 0.47  2417541120.00
0 m_usage 0.48  2165713920.00
0 m_usage 0.51  2216079360.00
0 m_usage 0.48  2165713920.00
0 m_usage 0.50  2367175680.00
0 m_usage 0.48  2266444800.00
0 m_usage 0.50  2266444800.00
0 m_usage 0.49  2316810240.00
0 m_usage 0.49  2266444800.00
0 m_usage 0.50  2266444800.00
0 m_usage 0.42  2316810240.00
0 m_usage 0.46  2266444800.00
0 m_usage 0.46  2316810240.00
0 m_usage 0.50  2367175680.00
0 m_usage 0.40  2367175680.00
0 m_usage 0.49  2417541120.00
0 m_usage 0.48  2266444800.00
0 m_usage 0.43  2417541120.00
0 m_usage 0.44  2467906560.00
